ms 10 100 -t 1  [3.2rc Build:162]
0x1abd4b67b936552

//
segsites: 2
positions: 0.54667 0.86070 
00
01
01
10
01
00
00
00
00
00

//
segsites: 3
positions: 0.37694 0.48812 0.78145 
000
000
011
100
100
100
100
011
100
011

//
segsites: 1
positions: 0.96782 
0
1
0
0
0
0
0
0
0
0

//
segsites: 5
positions: 0.05536 0.14270 0.29756 0.86939 0.97805 
00000
10001
10001
10001
01110
01110
00000
01110
10001
00000

//
segsites: 4
positions: 0.25422 0.27397 0.75609 0.91295 
0010
0000
0000
1000
0000
0000
0100
0000
0001
0000

//
segsites: 3
positions: 0.00067 0.84373 0.85242 
010
000
010
000
000
001
000
100
000
010

//
segsites: 5
positions: 0.07843 0.21453 0.69887 0.76152 0.94631 
00010
10110
10110
00010
01001
00010
01001
00010
01001
00010

//
segsites: 1
positions: 0.83885 
1
0
1
1
1
0
0
0
0
1

//
segsites: 2
positions: 0.14962 0.41329 
10
10
10
10
10
00
01
10
10
00

//
segsites: 1
positions: 0.67096 
0
0
0
0
0
0
0
1
1
1

//
segsites: 2
positions: 0.16707 0.96833 
10
10
10
00
11
10
10
10
10
10

//
segsites: 0

//
segsites: 6
positions: 0.24867 0.29042 0.42307 0.44351 0.50841 0.64989 
010011
101100
010011
010010
101100
010010
010010
101100
010011
101100

//
segsites: 2
positions: 0.19338 0.51409 
10
00
00
00
00
00
10
00
00
01

//
segsites: 3
positions: 0.86219 0.92513 0.97675 
010
000
100
000
001
000
001
001
000
001

//
segsites: 7
positions: 0.13761 0.22556 0.32061 0.35890 0.75784 0.76417 0.77238 
0000000
0101010
0000000
0101000
0010000
0101000
0000000
1010101
0000000
0010000

//
segsites: 1
positions: 0.16855 
0
0
0
0
0
1
0
0
1
0

//
segsites: 1
positions: 0.04761 
0
0
1
0
1
1
0
0
0
0

//
segsites: 9
positions: 0.00447 0.02787 0.14491 0.52993 0.60998 0.71334 0.77430 0.84980 0.91469 
001001011
010010100
010010100
010010100
010010100
001001011
010010100
100100000
010010100
010010100

//
segsites: 1
positions: 0.87886 
0
0
0
0
0
0
0
0
0
1

//
segsites: 4
positions: 0.04691 0.09143 0.40455 0.96531 
0000
0000
1000
1000
1000
1000
0000
0001
1000
0110

//
segsites: 2
positions: 0.50146 0.56766 
11
00
00
00
01
00
01
01
00
11

//
segsites: 2
positions: 0.02241 0.95444 
01
01
10
10
10
01
01
01
01
10

//
segsites: 1
positions: 0.83371 
0
0
0
0
0
0
1
0
0
0

//
segsites: 0

//
segsites: 5
positions: 0.24609 0.39086 0.40934 0.52425 0.97843 
01000
11000
00000
01000
00000
00000
01000
01000
00000
00111

//
segsites: 2
positions: 0.00220 0.13515 
10
01
01
10
01
10
01
10
01
10

//
segsites: 2
positions: 0.50257 0.93750 
00
00
00
00
00
00
00
00
11
11

//
segsites: 1
positions: 0.26067 
0
0
0
0
0
0
1
0
0
0

//
segsites: 5
positions: 0.01880 0.11236 0.64078 0.79354 0.98016 
01001
10100
10110
00001
00001
10100
10100
00001
10100
00001

//
segsites: 1
positions: 0.23605 
0
0
1
0
1
1
1
1
1
1

//
segsites: 2
positions: 0.20573 0.70080 
00
00
00
11
00
00
00
00
00
00

//
segsites: 4
positions: 0.05758 0.23327 0.38496 0.39675 
0010
0010
0000
0010
0010
0000
1001
0000
0100
0010

//
segsites: 3
positions: 0.05836 0.22231 0.57552 
000
000
000
001
000
010
000
001
000
100

//
segsites: 2
positions: 0.80145 0.98449 
10
00
01
00
00
00
00
00
00
00

//
segsites: 1
positions: 0.03256 
0
0
0
0
0
0
0
1
0
0

//
segsites: 2
positions: 0.37802 0.97377 
00
01
10
00
00
00
00
00
00
00

//
segsites: 5
positions: 0.10945 0.42259 0.52917 0.53217 0.69124 
01100
01000
00011
01000
01000
01000
01000
01000
01000
11100

//
segsites: 6
positions: 0.00504 0.15227 0.45673 0.45674 0.48127 0.66818 
000111
000111
000000
000000
000000
000110
000000
000110
000000
111110

//
segsites: 3
positions: 0.23161 0.39885 0.58455 
010
010
101
010
101
101
101
101
101
101

//
segsites: 4
positions: 0.33028 0.71557 0.77907 0.85774 
1000
0000
0001
0010
0001
0000
0001
0100
0000
0001

//
segsites: 2
positions: 0.03737 0.44253 
10
00
00
00
00
01
10
00
10
00

//
segsites: 2
positions: 0.15206 0.25263 
00
00
00
00
00
11
00
11
00
00

//
segsites: 2
positions: 0.31230 0.75955 
10
01
00
00
10
01
00
01
01
00

//
segsites: 1
positions: 0.43186 
1
1
1
0
0
0
0
1
0
0

//
segsites: 1
positions: 0.70284 
0
0
1
0
0
0
0
0
0
0

//
segsites: 2
positions: 0.18076 0.48624 
11
00
00
00
11
11
00
00
11
00

//
segsites: 7
positions: 0.08533 0.49690 0.67603 0.81045 0.84358 0.85874 0.88126 
0001100
1001100
0000001
0001000
0110011
0001100
0001100
1001100
1001100
0001000

//
segsites: 3
positions: 0.10307 0.12226 0.26259 
001
000
000
000
000
000
110
000
000
000

//
segsites: 3
positions: 0.30503 0.55155 0.61683 
100
000
001
010
000
000
001
000
000
000

//
segsites: 2
positions: 0.16272 0.75266 
00
00
00
00
00
00
01
10
00
00

//
segsites: 2
positions: 0.39150 0.99187 
01
00
10
10
10
00
00
10
10
10

//
segsites: 3
positions: 0.31047 0.31986 0.59081 
100
000
100
010
010
000
001
000
001
010

//
segsites: 6
positions: 0.06220 0.08788 0.41486 0.50792 0.58956 0.91446 
001011
100000
110000
110000
110000
001011
000100
000100
110000
001001

//
segsites: 6
positions: 0.27679 0.30904 0.31021 0.44901 0.50771 0.90911 
101100
000011
000011
101100
000011
101100
101100
101100
101100
010011

//
segsites: 0

//
segsites: 2
positions: 0.72329 0.89806 
00
10
00
00
00
00
01
00
01
00

//
segsites: 1
positions: 0.77860 
0
0
1
0
0
0
0
0
0
0

//
segsites: 3
positions: 0.08213 0.55128 0.91382 
101
000
010
101
000
010
000
000
000
101

//
segsites: 2
positions: 0.24187 0.39855 
00
01
00
00
01
00
00
00
10
00

//
segsites: 1
positions: 0.26126 
0
1
1
1
1
0
1
1
1
1

//
segsites: 4
positions: 0.19049 0.27420 0.41914 0.73383 
0001
0001
1110
0001
0001
0000
0000
0001
0001
0001

//
segsites: 1
positions: 0.62424 
0
0
0
0
0
1
0
0
0
0

//
segsites: 1
positions: 0.16197 
0
0
1
0
0
0
0
0
0
1

//
segsites: 3
positions: 0.01390 0.72512 0.73701 
010
010
100
010
100
100
000
100
001
001

//
segsites: 3
positions: 0.15096 0.19379 0.72556 
110
110
000
000
001
000
000
110
110
110

//
segsites: 9
positions: 0.01427 0.28123 0.33313 0.40314 0.61871 0.70238 0.72554 0.78963 0.88341 
101100101
101110001
101110001
101110001
101110001
101110001
101100101
010000000
101101011
101110001

//
segsites: 2
positions: 0.52583 0.70493 
00
00
00
00
00
00
00
01
10
00

//
segsites: 2
positions: 0.83253 0.94359 
00
00
10
00
01
00
00
00
00
00

//
segsites: 4
positions: 0.11262 0.62664 0.75203 0.77941 
0000
0100
0010
1000
0000
0000
0010
0011
0000
0010

//
segsites: 4
positions: 0.34847 0.66387 0.70269 0.80143 
1010
1010
0100
0100
0101
0100
0100
0100
0100
0100

//
segsites: 0

//
segsites: 7
positions: 0.10784 0.11730 0.12797 0.36149 0.65657 0.78641 0.87702 
0010011
1101100
1101100
1101100
0000010
0010011
1101100
0010011
1101100
1101100

//
segsites: 9
positions: 0.16223 0.49515 0.60657 0.73621 0.75774 0.77669 0.94534 0.98591 0.99282 
100010100
100010100
100010100
111010100
000101011
000101011
111010100
000101010
100010100
100010100

//
segsites: 9
positions: 0.19039 0.29198 0.48920 0.50073 0.57267 0.66837 0.83032 0.83610 0.94407 
111110010
110110010
000000101
110110010
110110010
100010010
110110010
000000000
000001100
000000101

//
segsites: 7
positions: 0.00829 0.28495 0.33416 0.33454 0.58128 0.72679 0.93851 
0000100
0000100
0010100
0000010
0000100
0010101
0010100
1100010
0000100
0001100

//
segsites: 0

//
segsites: 5
positions: 0.01103 0.30365 0.47338 0.54796 0.66884 
10000
01010
01000
10000
10000
10000
10100
01010
10100
10001

//
segsites: 9
positions: 0.08188 0.22625 0.29953 0.60972 0.65042 0.70085 0.92396 0.95892 0.98097 
100000001
011101010
000101010
000101110
010101010
010101010
000101010
000111010
000101010
000101010

//
segsites: 0

//
segsites: 3
positions: 0.64731 0.90604 0.91090 
011
001
001
000
000
001
001
000
000
101

//
segsites: 5
positions: 0.24616 0.52543 0.75629 0.96742 0.97390 
00101
00010
00010
00010
01010
10010
00010
00101
00010
01010

//
segsites: 1
positions: 0.84629 
0
0
1
1
1
1
0
0
0
0

//
segsites: 5
positions: 0.19134 0.20191 0.43791 0.63239 0.83089 
00000
00000
01000
00000
00000
00000
00110
11001
00000
00000

//
segsites: 3
positions: 0.13358 0.65761 0.98658 
000
010
000
001
010
100
000
000
010
001

//
segsites: 9
positions: 0.08836 0.25209 0.33422 0.58936 0.61602 0.73508 0.82073 0.92186 0.96834 
010010001
101101010
010010000
101101110
010010000
010010000
101101110
010010001
010010000
010010000

//
segsites: 3
positions: 0.33390 0.68049 0.90623 
000
000
010
001
000
100
000
100
001
010

//
segsites: 3
positions: 0.21488 0.47475 0.66956 
000
001
000
000
000
000
010
000
100
000

//
segsites: 3
positions: 0.27343 0.53614 0.55701 
010
010
010
011
010
110
010
010
010
000

//
segsites: 3
positions: 0.11903 0.34797 0.83834 
100
011
100
100
100
100
011
011
011
011

//
segsites: 1
positions: 0.44525 
0
0
0
0
0
0
1
0
0
0

//
segsites: 3
positions: 0.15724 0.52079 0.62655 
100
100
100
100
100
011
100
100
100
100

//
segsites: 5
positions: 0.05619 0.15198 0.29795 0.40504 0.57165 
00100
00001
00100
00100
00001
00001
00001
00001
11110
00100

//
segsites: 7
positions: 0.57241 0.61510 0.65651 0.67445 0.78364 0.82145 0.95860 
0001001
0010000
1010100
0110010
1010100
1010100
0001001
1010100
1010100
0001001

//
segsites: 3
positions: 0.78500 0.90529 0.91867 
001
100
100
001
001
001
010
000
100
010

//
segsites: 1
positions: 0.33871 
1
1
1
1
0
0
1
0
1
1

//
segsites: 2
positions: 0.55540 0.72039 
00
00
00
00
00
00
00
00
11
00

//
segsites: 3
positions: 0.02250 0.13398 0.50529 
000
000
000
000
000
000
011
000
000
100

//
segsites: 1
positions: 0.76431 
0
0
0
0
0
0
0
0
1
1

//
segsites: 4
positions: 0.25939 0.32434 0.35498 0.38788 
0100
0100
0100
0100
1011
0100
0100
0100
1011
0000

